8 4444
8 5555
8 3333
8 100
8 200
8 300
8 4444
8 5555
8 3333
8 100
8 200
8 300
8 4444
8 5555
8 3333
8 100
8 200
8 300
8 4444
8 5555
8 3333
8 100
8 200
8 300
8 4444
8 5555
8 3333
8 100
8 200
8 300
8 4444
8 5555
8 3333
8 100
8 200
8 300
8 4444
8 5555
8 3333
8 100
8 200
8 300
8 4444
8 5555
8 3333
8 100
8 200
8 300
8 4444
8 5555
8 3333
8 100
8 200
8 300
8 4444
8 5555
8 3333
8 100
8 200
8 300
8 4444
8 5555
8 3333
8 100
8 200
8 300
8 4444
8 5555
8 3333
8 100
8 200
8 300
8 4444
8 5555
8 3333
8 100
8 200
8 300
8 4444
8 5555
8 3333
8 100
8 200
8 300
8 4444
8 5555
8 3333
8 100
8 200
8 300
8 4444
8 5555
8 3333
8 100
8 200
8 300
8 4444
8 5555
8 3333
8 100
8 200
8 300
8 4444
8 5555
8 3333
8 100
8 200
8 300
8 4444
8 5555
8 3333
8 100
8 200
8 300
8 4444
8 5555
8 3333
8 100
8 200
8 300
